No files changed, compilation skipped

╭-------------------------+------------------+-------------------+--------------------+---------------------╮
| Contract                | Runtime Size (B) | Initcode Size (B) | Runtime Margin (B) | Initcode Margin (B) |
+===========================================================================================================+
| Address                 | 85               | 135               | 24,491             | 49,017              |
|-------------------------+------------------+-------------------+--------------------+---------------------|
| BeaconProxy             | 321              | 1,431             | 24,255             | 47,721              |
|-------------------------+------------------+-------------------+--------------------+---------------------|
| BitMaps                 | 85               | 135               | 24,491             | 49,017              |
|-------------------------+------------------+-------------------+--------------------+---------------------|
| DShare                  | 14,183           | 14,432            | 10,393             | 34,720              |
|-------------------------+------------------+-------------------+--------------------+---------------------|
| DShareFactory           | 14,326           | 14,575            | 10,250             | 34,577              |
|-------------------------+------------------+-------------------+--------------------+---------------------|
| DividendDistribution    | 10,336           | 10,414            | 14,240             | 38,738              |
|-------------------------+------------------+-------------------+--------------------+---------------------|
| ECDSA                   | 85               | 135               | 24,491             | 49,017              |
|-------------------------+------------------+-------------------+--------------------+---------------------|
| ERC1967Proxy            | 176              | 983               | 24,400             | 48,169              |
|-------------------------+------------------+-------------------+--------------------+---------------------|
| ERC1967Utils            | 85               | 135               | 24,491             | 49,017              |
|-------------------------+------------------+-------------------+--------------------+---------------------|
| EnumerableSet           | 85               | 135               | 24,491             | 49,017              |
|-------------------------+------------------+-------------------+--------------------+---------------------|
| FeeLib                  | 85               | 135               | 24,491             | 49,017              |
|-------------------------+------------------+-------------------+--------------------+---------------------|
| FixedPointMathLib       | 85               | 135               | 24,491             | 49,017              |
|-------------------------+------------------+-------------------+--------------------+---------------------|
| FulfillmentRouter       | 11,603           | 11,660            | 12,973             | 37,492              |
|-------------------------+------------------+-------------------+--------------------+---------------------|
| GetMockDShareFactory    | 85               | 135               | 24,491             | 49,017              |
|-------------------------+------------------+-------------------+--------------------+---------------------|
| LatestPriceHelper       | 865              | 893               | 23,711             | 48,259              |
|-------------------------+------------------+-------------------+--------------------+---------------------|
| LibString               | 85               | 135               | 24,491             | 49,017              |
|-------------------------+------------------+-------------------+--------------------+---------------------|
| Math                    | 85               | 135               | 24,491             | 49,017              |
|-------------------------+------------------+-------------------+--------------------+---------------------|
| MessageHashUtils        | 85               | 135               | 24,491             | 49,017              |
|-------------------------+------------------+-------------------+--------------------+---------------------|
| MockControlled          | 8,954            | 9,203             | 15,622             | 39,949              |
|-------------------------+------------------+-------------------+--------------------+---------------------|
| MockControlledV2        | 8,986            | 9,235             | 15,590             | 39,917              |
|-------------------------+------------------+-------------------+--------------------+---------------------|
| MockERC20               | 2,929            | 3,666             | 21,647             | 45,486              |
|-------------------------+------------------+-------------------+--------------------+---------------------|
| MockOwnableControlled   | 8,969            | 9,218             | 15,607             | 39,934              |
|-------------------------+------------------+-------------------+--------------------+---------------------|
| MockOwnableUpgradeable  | 3,782            | 4,031             | 20,794             | 45,121              |
|-------------------------+------------------+-------------------+--------------------+---------------------|
| MockToken               | 6,567            | 8,436             | 18,009             | 40,716              |
|-------------------------+------------------+-------------------+--------------------+---------------------|
| MockUpgradeableContract | 8,391            | 8,640             | 16,185             | 40,512              |
|-------------------------+------------------+-------------------+--------------------+---------------------|
| Multicall3              | 3,694            | 3,722             | 20,882             | 45,430              |
|-------------------------+------------------+-------------------+--------------------+---------------------|
| NumberUtils             | 85               | 135               | 24,491             | 49,017              |
|-------------------------+------------------+-------------------+--------------------+---------------------|
| OracleLib               | 85               | 135               | 24,491             | 49,017              |
|-------------------------+------------------+-------------------+--------------------+---------------------|
| OrderProcessor          | 27,818           | 28,067            | -3,242             | 21,085              |
|-------------------------+------------------+-------------------+--------------------+---------------------|
| OrderSigUtils           | 1,661            | 1,807             | 22,915             | 47,345              |
|-------------------------+------------------+-------------------+--------------------+---------------------|
| SafeCast                | 85               | 135               | 24,491             | 49,017              |
|-------------------------+------------------+-------------------+--------------------+---------------------|
| SafeERC20               | 85               | 135               | 24,491             | 49,017              |
|-------------------------+------------------+-------------------+--------------------+---------------------|
| SafeTransferLib         | 85               | 135               | 24,491             | 49,017              |
|-------------------------+------------------+-------------------+--------------------+---------------------|
| ShortStrings            | 85               | 135               | 24,491             | 49,017              |
|-------------------------+------------------+-------------------+--------------------+---------------------|
| SigUtils                | 617              | 701               | 23,959             | 48,451              |
|-------------------------+------------------+-------------------+--------------------+---------------------|
| SignedMath              | 85               | 135               | 24,491             | 49,017              |
|-------------------------+------------------+-------------------+--------------------+---------------------|
| StorageSlot             | 85               | 135               | 24,491             | 49,017              |
|-------------------------+------------------+-------------------+--------------------+---------------------|
| Strings                 | 85               | 135               | 24,491             | 49,017              |
|-------------------------+------------------+-------------------+--------------------+---------------------|
| TransferRestrictor      | 9,324            | 9,381             | 15,252             | 39,771              |
|-------------------------+------------------+-------------------+--------------------+---------------------|
| UpgradeableBeacon       | 912              | 1,325             | 23,664             | 47,827              |
|-------------------------+------------------+-------------------+--------------------+---------------------|
| Vault                   | 8,931            | 8,988             | 15,645             | 40,164              |
|-------------------------+------------------+-------------------+--------------------+---------------------|
| WrappedDShare           | 14,558           | 14,807            | 10,018             | 34,345              |
╰-------------------------+------------------+-------------------+--------------------+---------------------╯

